47,6
47,5
0,534
0,472
0,273
0,270
3,2
3,1
3,3
10,198
10,280
10,208
10,188
10,232
10,34
10,276
11,6
11,8
11,18
11,12
9,7
9,4
9,1
9,6
9,2
9,3
8,7
8,17
8,16
8,6
8,12
8,2
8,3
50,4
50,3
50,2
50,1
50,0
48,4
48,3
48,2
48,1
48,0
47,4
47,3
47,2
47,1
47,0
46,3
46,2
46,1
46,0
44,4
44,3
44,2
44,1
44,0
43,4
43,3
43,2
43,1
43,0
40,4
40,3
40,2
40,1
40,0
39,5
39,4
39,3
39,2
39,1
39,0
38,8
38,7
38,6
38,5
38,4
38,3
38,2
38,1
38,0
37,4
37,3
37,1
36,5
36,3
36,2
36,1
29,3
29,1
20,3
20,2
20,1
19,3
19,2
19,1
12,3
12,2
12,1
11,27
11,25
11,23
11,21
11,19
11,17
11,15
11,13
11,11
11,9
11,7
11,5
11,3
11,2
11,1
10,301
10,297
10,285
10,277
10,273
10,265
10,263
